0 34.81 25.4238 16.0
1 34.81 25.4238 16.0
2 34.81 25.6532 16.0
3 34.81 25.750799999999998 17.64
4 38.44 28.4126 17.64
5 38.44 29.263599999999997 14.44
6 38.44 29.835 15.21
7 39.69 30.949400000000004 14.44
8 39.69 31.076800000000002 14.44
9 39.69 32.115 21.16
10 40.96 33.20440000000001 22.09
11 40.96 33.44520000000001 21.16
12 42.25 34.9158 21.16
13 43.56 36.3208 24.01
14 43.56 36.7144 27.04
15 44.89 37.1994 27.04
16 44.89 37.1944 26.01
17 47.61 38.46000000000001 26.01
18 47.61 40.4886 29.16
19 47.61 40.4872 28.09
20 49.0 41.393 30.25
21 49.0 42.00020000000001 32.49
22 49.0 42.263999999999996 34.81
23 51.84 42.029799999999994 37.21
24 51.84 41.732000000000006 36.0
25 51.84 42.10959999999999 37.21
26 51.84 42.482800000000005 36.0
27 51.84 42.732 36.0
28 51.84 43.242200000000004 36.0
29 53.29 44.5354 36.0
30 53.29 44.88120000000001 36.0
31 53.29 44.67719999999999 34.81
32 53.29 45.71060000000001 37.21
33 53.29 46.2346 38.44
34 53.29 46.126999999999995 37.21
35 53.29 45.147 37.21
36 54.76 45.927600000000005 39.69
37 54.76 46.356399999999994 39.69
38 54.76 46.5022 38.44
39 54.76 47.0308 40.96
40 54.76 46.976800000000004 38.44
41 54.76 47.563 38.44
42 56.25 48.7492 39.69
43 56.25 48.36600000000001 40.96
44 56.25 49.538000000000004 36.0
45 57.76 49.6818 40.96
46 59.29 50.1446 40.96
47 59.29 50.0908 40.96
48 60.84 50.0562 38.44
49 60.84 50.041799999999995 38.44
50 60.84 50.549 37.21
