rege = PO_CTTeP_ PO_CTTeP {
  cttep_code        = "ep2"                                     ,
  cttep_info        = "Even-parity problem. With @-Trees." ,
  cttep_data        = jsObj [ ( "im" , imGraphInJSON prog_typ prog_ctx ) ] ,
  cttep_numRuns     = IntSlider "Runs"            1 100   50   1   ,
  cttep_numGene     = IntSlider "Generations"     0 500   50   10  ,
  cttep_popSize     = IntSlider "Population size" 0 5000  500  100 ,
  
  cttep_typ         = prog_typ                                     ,
  cttep_ctx         = prog_ctx                                     ,
  
--cttep_gOpt        = CTTermG_Geom     prog_typ prog_ctx 0.75 , 
  cttep_gOpt        = CTTermG_Koza     prog_typ prog_ctx  , 
--cttep_gOpt        = CTTG_AllEdges prog_typ prog_ctx  , 

  cttep_ff          = FF6 prog_type ff "Problems.EvenParity.Funs", 
  
  cttep_saveBest    = True
}

9/50 = 18%

akorat zmena na ramped half-and-half

Total time: 1675.4248288s

[[0,null],[1,null],[2,null],[3,null],[4,null],[5,339000],[6,395500],[7,452000],[8,508500],[9,375000],[10,412500],[11,450000],[12,487500],[13,525000],[14,562500],[15,600000],[16,374000],[17,333000],[18,351500],[19,370000],[20,388500],[21,407000],[22,425500],[23,444000],[24,462500],[25,481000],[26,499500],[27,434000],[28,449500],[29,465000],[30,480500],[31,432000],[32,445500],[33,459000],[34,472500],[35,486000],[36,499500],[37,513000],[38,526500],[39,480000],[40,492000],[41,504000],[42,516000],[43,528000],[44,540000],[45,552000],[46,564000],[47,576000],[48,588000],[49,600000],[50,612000]]

nej 17,333000

ts

"[[0,17.737239999999996],[1,17.660640000000004],[2,17.63824],[3,17.56308],[4,17.727040000000002],[5,17.887400000000003],[6,17.897583333333333],[7,18.15154166666667],[8,18.21670833333334],[9,18.224499999999995],[10,18.389659574468087],[11,18.420170212765964],[12,18.52519148936171],[13,18.705446808510636],[14,18.952510638297877],[15,19.10246808510638],[16,19.36748936170213],[17,19.295111111111108],[18,19.619272727272726],[19,19.86527272727272],[20,20.14790909090909],[21,20.45359090909091],[22,20.970818181818178],[23,21.533818181818187],[24,21.876772727272726],[25,21.96045454545455],[26,22.346500000000002],[27,22.829363636363638],[28,23.344279069767445],[29,23.670232558139535],[30,24.36413953488372],[31,24.85148837209302],[32,25.277190476190473],[33,25.775380952380953],[34,26.34314285714285],[35,26.922428571428572],[36,27.66252380952381],[37,28.34142857142857],[38,29.097523809523814],[39,29.977523809523817],[40,30.50165853658537],[41,31.195853658536578],[42,31.87346341463416],[43,32.61058536585366],[44,33.67668292682927],[45,34.44746341463414],[46,35.46156097560976],[47,36.19882926829269],[48,37.177121951219505],[49,38.418878048780485],[50,39.071951219512194]]"

17.737239999999996, 17.660640000000004, 17.63824, 17.56308, 17.727040000000002, 17.887400000000003, 17.897583333333333, 18.15154166666667, 18.21670833333334, 18.224499999999995, 18.389659574468087, 18.420170212765964, 18.52519148936171, 18.705446808510636, 18.952510638297877, 19.10246808510638, 19.36748936170213, 19.295111111111108, 19.619272727272726, 19.86527272727272, 20.14790909090909, 20.45359090909091, 20.970818181818178, 21.533818181818187, 21.876772727272726, 21.96045454545455, 22.346500000000002, 22.829363636363638, 23.344279069767445, 23.670232558139535, 24.36413953488372, 24.85148837209302, 25.277190476190473, 25.775380952380953, 26.34314285714285, 26.922428571428572, 27.66252380952381, 28.34142857142857, 29.097523809523814, 29.977523809523817, 30.50165853658537, 31.195853658536578, 31.87346341463416, 32.61058536585366, 33.67668292682927, 34.44746341463414, 35.46156097560976, 36.19882926829269, 37.177121951219505, 38.418878048780485, 39.071951219512194

[0, 0, 0, 0, 0, 2, 2, 2, 2, 3, 3, 3, 3, 3, 3, 3, 5, 6, 6, 6, 6, 6, 6, 6, 6, 6, 6, 7, 7, 7, 7, 8, 8, 8, 8, 8, 8, 8, 8, 9, 9, 9, 9, 9, 9, 9, 9, 9, 9, 9, 9]

